{
    cer: 0.002416918429003021,
    wer: 0.0165016501650165,
    mer: 0.01639344262295082,
}