{
    cer: 0.0023923444976076554,
    wer: 0.016736401673640166,
    mer: 0.016736401673640166,
}