{
    cer: 0.8990066225165563,
    wer: 1.0284900284900285,
    mer: 1.0,
}