{
    cer: 0.014275517487508922,
    wer: 0.04838709677419355,
    mer: 0.047619047619047616,
}