{
    cer: 0.013422818791946308,
    wer: 0.07692307692307693,
    mer: 0.07547169811320754,
}