{
    cer: 0.006394884092725819,
    wer: 0.012605042016806723,
    mer: 0.012605042016806723,
}