{
    cer: 0.0012077294685990338,
    wer: 0.013201320132013201,
    mer: 0.013114754098360656,
}