{
    cer: 0.015658362989323844,
    wer: 0.05241935483870968,
    mer: 0.051587301587301584,
}