{
    cer: 0.006688963210702341,
    wer: 0.057692307692307696,
    mer: 0.05660377358490566,
}